1.0 0.0 0.0 0.0 0.0 1.0 0.0 0.0 0.0 0.0 1.0 0.0
0.9999998791827946 -0.00038247693315654957 -0.00030878113885533364 0.000194267513153212 0.00038299003041137594 0.9999985433076706 0.0016633403660483125 -0.01471837473506406 0.00030814449973424405 -0.0016634584251859416 0.9999985689754934 0.8957454128547814
0.9999976097393624 -0.002072778779911742 -0.0006957756038526384 -0.011602172387677395 0.002073994650239232 0.9999963156448741 0.00175135458094146 -0.032482241452843286 0.0006921428697549074 -0.0017527934296265996 0.9999982243251437 1.734680048674594
0.9999933966867615 -0.0035255857793466717 -0.0008813783439416948 -0.014643652049732598 0.003526231535551065 0.9999935147741149 0.000732189094320499 -0.04784973381617761 0.0008787912325434504 -0.0007352922035566156 0.9999993435354567 2.6069152223863115
0.9999936538753211 -0.003479918887210562 -0.0007631340784826073 -0.02617035388427138 0.003480447875044949 0.9999937031322482 0.0006929490904460419 -0.06456564841572852 0.0007607178664986542 -0.0006956007412854321 0.9999994687238267 3.487812263300607
0.9999918496004218 -0.00398249984550902 -0.0006636472752706477 -0.035399396511569266 0.003983533226446414 0.9999908439773064 0.001563145735065413 -0.0796736535860969 0.0006574159712508398 -0.0015657766557736314 0.9999985580728127 4.342251039373729
0.9999884580061644 -0.0047122101034982565 -0.0009375128756831355 -0.030626053959435226 0.004714480440994664 0.9999859236581919 0.002434370482363373 -0.08831874785994956 0.000926028413746908 -0.0024387622709887372 0.9999965974491923 5.208554134620809
0.9999908809960388 -0.004101369450706313 -0.0011902492987101276 -0.03122030960511706 0.004104415644978612 0.9999882789046621 0.0025682339275118742 -0.08995397584013426 0.0011797020715101668 -0.002573095785618442 0.9999959937325249 6.077936880772095
0.9999964003450817 -0.0024285681285701453 -0.0011407689172474019 -0.04007080479163952 0.0024290412323866835 0.9999969643747763 0.00041352137193286285 -0.09977681633701156 0.0011397611894742522 -0.0004162908581341223 0.9999992638229052 7.000452068900491
0.9999990698516414 0.0009380978290178182 -0.0009900850034252142 -0.053493638886527646 -0.0009403060276318626 0.9999970665312421 -0.0022322082085236995 -0.11065844791934781 0.0009879880693655562 0.002233137115136592 0.999997018484655 7.851836924743662
0.9999920759774565 0.003807278066966064 -0.0011630202134297921 -0.05666953953365393 -0.0038107060540948424 0.9999883594866434 -0.0029596301429228714 -0.13072576663468832 0.0011517385403460904 0.0029640386189163617 0.9999949439739181 8.74075292970601
0.9999808029080748 0.006060457062574494 -0.001290223048236182 -0.061786380365489044 -0.006064081639289136 0.9999776253360496 -0.002824135469239936 -0.1497897185559032 0.0012730786281769592 0.002831905271950239 0.999995179780051 9.625950892765285
0.9999738289875364 0.0071200165864913805 -0.001283239577290716 -0.06409849197938332 -0.0071226562714229455 0.9999725027301563 -0.002064352496120188 -0.1652766388048547 0.0012685060676911383 0.0020734385443494205 0.9999970458681158 10.538376124110528
0.9999890579385458 0.004545132942714299 -0.0011071448469556083 -0.06669506964497814 -0.004543959186689453 0.9999891139519634 0.0010603831752413451 -0.18502146229163088 0.001111952377023409 -0.0010553407514639376 0.999998824908214 11.44324606134269
0.9999994999936043 -0.00012080101188913892 -0.000992683059389607 -0.07014016677114387 0.0001240156341425766 0.999994747080411 0.003238893593320174 -0.20544418671754178 0.0009922865832799476 -0.00323901508207054 0.999994262057855 12.363296736132877
0.9999954576274563 -0.002254208805124471 -0.002000816612348757 -0.056852519115414175 0.0022553138679271174 0.9999973054041473 0.0005502215946315952 -0.21576932854082692 0.001999570906591317 -0.000554731564771897 0.999997846992222 13.289018666022711
0.9999930091661672 -0.003215740647715081 -0.0019080437309916944 -0.07231935268283628 0.0032132819151243397 0.999994004975722 -0.0012902836706475463 -0.23263181563377014 0.0019121815098683608 0.0012841435680759103 0.999997347265066 14.159515794473569
0.999997668009764 -0.001173033278126354 -0.0018132754785491255 -0.0661931809447216 0.0011677498300077616 0.9999950780719884 -0.002912076944951408 -0.2483138997037929 0.0018166825169010335 0.00290995270188573 0.9999941159026412 15.068442089988876
0.9999981421754319 0.0018763818005726079 0.0004414034683249626 -0.08242738311583092 -0.001876024511561062 0.9999979134561456 -0.0008084648338361411 -0.26278010925412426 -0.00044291953601950337 0.000807635248125382 0.9999995757737052 15.939754993636178
0.9999947927579599 0.0030682954195655485 0.0010000100905811567 -0.09960657391478406 -0.003071179524732259 0.9999910921732601 0.0028954154206846192 -0.27843122681060684 -0.0009911171927931468 -0.0028984715540692975 0.9999953082636739 16.808483092954212
0.9999981864495199 0.00046910358390673965 0.0018458167559744331 -0.09918132621057611 -0.000478468328713601 0.999987000886297 0.005076330021650981 -0.29146492130866636 -0.0018434114373879322 -0.00507720398032743 0.9999854118105994 17.735357427058982
0.9999941180892786 -0.003079309468458845 0.0015105098611505664 -0.09019519741077528 0.003074876616393735 0.9999909851475736 0.002928268666088574 -0.30102817243794655 -0.0015195132895583843 -0.002923606810821669 0.9999945717865562 18.647998631730626
0.9999933725650106 -0.0034102633188746807 0.001274727480361332 -0.08998401185466753 0.0034096523995778786 0.9999940713788886 0.00048112117979089137 -0.31539748370847215 -0.0012763606728981155 -0.00047677161357814025 0.9999990717956992 19.57040659566786
0.9999926366544848 -0.0033470378848473358 0.0018772251346373893 -0.08999180804664816 0.003350775720287408 0.9999924029840359 -0.0019915512263084423 -0.3283387333438707 -0.0018705450759256652 0.001997826722232491 0.9999962548677398 20.418223254174695
0.9999972812825036 -0.0002582396723032497 0.002317485678462683 -0.0931874348593528 0.0002649192104381878 0.9999958108113868 -0.00288239093303094 -0.3486105680644056 -0.002316731622389743 0.00288299704310158 0.99999316051793 21.308857417616384
0.9999973936007571 -0.0002376126949827585 0.0022707557985585563 -0.08139737456756409 0.000248485986525709 0.9999885002677653 -0.004789320091771687 -0.3721594888529314 -0.002269591682222448 0.004789871859887371 0.9999859529419205 22.199911589365282
0.9999963486831995 0.0006144661463104988 0.002631549281501295 -0.08785219019564092 -0.000603927289165424 0.9999918026563762 -0.004003734741679841 -0.39058030267265126 -0.0026339878692468273 0.004002130858353209 0.9999885224623811 23.06965606697795
0.999995760602433 1.6789444904690564e-05 0.0029117855817337793 -0.09553526600069422 -9.288957358023055e-06 0.9999966823185237 -0.0025759009416776494 -0.4097849733571978 -0.002911819169305295 0.0025758629739585396 0.9999924430909782 23.98472323637944
0.9999956613409695 0.0010754154217773532 0.0027424042199880798 -0.09948731511534731 -0.0010718648483479252 0.9999985859577816 -0.001295834937168172 -0.42493906359916045 -0.0027437939029899003 0.0012928898283000245 0.9999954000048744 24.9236669061976
0.9999903493919038 0.00349059347698006 0.002667748158081941 -0.1025806030947294 -0.0034889143779601403 0.9999937128661661 -0.0006338017057574992 -0.4501616300735048 -0.0026699437296936798 0.0006244880442812725 0.9999962407005148 25.85269662928858
0.9999778574762398 0.00597732561445854 0.0029250873022117043 -0.10527438250677967 -0.0059738041863569135 0.9999814232400958 -0.0012111309818059383 -0.4649303260207955 -0.0029322722878088307 0.0011936302655391423 0.9999949885004518 26.799308387953214
0.999956798132495 0.008746792099260419 0.0031457108224712538 -0.11417650220009408 -0.008744320051999698 0.9999614486942445 -0.0007987440989914032 -0.4838060378597822 -0.0031525759997875417 0.000771202489533092 0.9999947332417732 27.73194371025817
0.9999480519951165 0.009782821210141766 0.0028617687433512592 -0.11489674831079522 -0.00978205223961635 0.9999521146551306 -0.00028257868617282615 -0.5093571460800813 -0.0028643961233343106 0.0002545700354298742 0.9999958652059243 28.65476941193624
0.9999581501292326 0.008866771678629523 0.0022535194963207304 -0.11581768226013404 -0.008865242170008477 0.9999604664211205 -0.0006878052936168025 -0.5243163308165829 -0.0022595290191294547 0.0006677985129856144 0.9999972242830263 29.583156402166903
0.9999668540856581 0.008020813529062315 0.0013990283637618128 -0.11365128349575349 -0.008019049977588528 0.9999670510060611 -0.0012616416678400994 -0.539993838916838 -0.001409101659744622 0.001250380971205551 0.9999982254883951 30.622681673187834
0.9999731146997813 0.00732419986130589 0.0003549281732526322 -0.11590579248204376 -0.007323851675888561 0.9999727072809197 -0.0009725687106533326 -0.5573900492119022 -0.0003620417739150217 0.0009699431215562306 0.9999994640679039 31.556841861715366
0.9999687715338157 0.007898670113811413 -0.0002587809566534255 -0.12648111118167 -0.007898668142518472 0.9999688049969088 8.638742249988262e-06 -0.5741750775096831 0.0002588411185541297 -6.594447575852641e-06 0.9999999664788937 32.482771732470475
0.9999661459043826 0.008184598263950824 -0.0008481723829375579 -0.13664315138722374 -0.00818459979136747 0.9999665056007948 1.6701823237973208e-06 -0.5942540613819035 0.0008481576436827306 5.271825728403663e-06 0.9999996403003447 33.42474792349185
0.9999643534772371 0.008200934012766219 -0.0020090933694341443 -0.1458242696330445 -0.008200115884105208 0.9999662923224322 0.0004151125322972748 -0.6087738680640163 0.0020124299580460974 -0.0003986229365263334 0.9999978956104947 34.38068203211982
0.9999618597695351 0.008284434599135197 -0.0027653480112177268 -0.1533213198161418 -0.00828014059258472 0.9999645011999663 0.0015606446325328054 -0.6265058450962195 0.002778178903070553 -0.0015376876388652832 0.999994958606646 35.32843602488033
0.9999661304656241 0.007657282722262222 -0.003017274086895964 -0.1586528941240357 -0.007651073235095951 0.9999685996354337 0.0020641757435692376 -0.641637276702337 0.003032985320644793 -0.002041020445887483 0.999993317595465 36.26044089940641
0.9999732642225784 0.006658877034629866 -0.0030216215309580453 -0.1677950603845054 -0.0066524390682494005 0.9999755916115274 0.002135704946439023 -0.6539872575501519 0.003035769174664696 -0.002115546693583676 0.9999931542604207 37.21368873671874
0.9999863484935637 0.0037247211117131616 -0.0036645980879082126 -0.1753761912542068 -0.0037186348899312612 0.9999916976817637 0.0016662299058252193 -0.6700736812789677 0.0036707739049542296 -0.0016525798569680156 0.9999918971665498 38.202591699386865
0.999988943077157 0.0025350026958631724 -0.003960742955442254 -0.16562188926013008 -0.0025273502970644584 0.9999949324343463 0.0019358734728230104 -0.689805602840964 0.003965630328588106 -0.001925841883132699 0.9999902824073535 39.194832747733706
0.9999920625835533 0.0009507941809180899 -0.003869206677440247 -0.17251147493597627 -0.0009415540810532543 0.9999967025142062 0.0023892334808880453 -0.7055001930282582 0.0038714655880750398 -0.0023855714492076858 0.9999896603480766 40.17443183584672
0.999993062848708 -0.0004356532366206495 -0.0036992513720373378 -0.17798992416597934 0.0004467427434173089 0.9999954077759563 0.002997473589538985 -0.7224821484835632 0.003697928525173637 -0.0029991054093160808 0.9999886652814457 41.085894536354616
0.9999930593054488 -0.001573990337897489 -0.0033769654043749766 -0.17158832396081672 0.0015826638827930045 0.9999954520357122 0.002567310445787431 -0.7405552553399346 0.0033729091242192567 -0.0025726372280471597 0.9999910024703891 42.025723458890766
0.9999905306957241 -0.0031010709227785728 -0.0030531750708005937 -0.18218911088057632 0.00310819847999554 0.9999924492373409 0.002332503057331154 -0.7671644265428081 0.0030459187595902886 -0.002341970844262612 0.9999926187484963 42.96805940719065
0.9999904509206798 -0.0034883218811003 -0.002632428138736597 -0.18064263940763114 0.0034932594128079648 0.9999921437328048 0.0018733956718545634 -0.7815418142523343 0.0026258724505620725 -0.0018825735370232612 0.9999947803417536 43.95448749378149
0.999998419118802 -0.0009845035113367777 -0.0014807135878113697 -0.19849948138687598 0.0009863281292139259 0.9999987546277445 0.0012320307547270097 -0.8010176350018814 0.0014794988051660366 -0.0012334892764941075 0.9999981447920246 44.88414752808844
0.9999966854179475 0.002376133841361628 -0.000991534711099745 -0.21087959113655982 -0.002373771925470748 0.9999943587179366 0.0023764972431260865 -0.8127021438967571 0.0009971759930945006 -0.002374135688768972 0.9999966845543893 45.882576368789245
0.9999791013652223 0.0064645285749445605 8.187248401730656e-05 -0.227238786665311 -0.006464773095678698 0.9999731217457434 0.0034586839827482076 -0.8266213666730049 -5.951152199136047e-05 -0.0034591409880051723 0.9999940153830943 46.85277979902357
0.9999416563670783 0.010800370812898582 -0.00018934668030788475 -0.23070980404614422 -0.01079958851048227 0.9999347073082802 0.0037349709913870573 -0.841679944924344 0.0002296733890341719 -0.0037327082133758105 0.9999930070453135 47.81361488460773
0.9998788567440319 0.01556272708465714 0.00027085408229737123 -0.24270372373598526 -0.01556350505168761 0.9998738978400239 0.0031568542413715054 -0.8528087467181013 -0.00022169066600970946 -0.0031606872486465375 0.9999949804420846 48.80025177297341
0.9998479217041469 0.017418042558972665 0.0008632828677490527 -0.24416526229331048 -0.017420352021639125 0.9998444886140184 0.002744070628057357 -0.8590664960224809 -0.0008153522784511289 -0.0027586920059213147 0.9999958624009796 49.831023739026236
0.9997969227948377 0.020040639354216988 0.0021180047796491557 -0.2603410257681882 -0.02004566832191994 0.9997962315648852 0.0023804474744373296 -0.8780350243221485 -0.002069867507794441 -0.002422420881132651 0.9999949237499035 50.787021914915016
0.9998027732495215 0.019751950440827424 0.0020676209391961788 -0.2572066472952988 -0.019757185764213647 0.9998015736636365 0.002543012070480435 -0.8859394949048289 -0.002016981220363318 -0.0025833608914573977 0.999994629002207 51.79622808722079
0.9998246058955018 0.018594762253198675 0.0022343371838314 -0.2625178902041399 -0.018599345217666662 0.999824919324326 0.002048183481880526 -0.9008191901732114 -0.0021958605096727203 -0.002089381451185997 0.9999954063303362 52.763732080187715
0.999856494494128 0.016763717193859606 0.0024429907403982153 -0.2674694495867785 -0.0167667353492124 0.9998586838219248 0.0012202342456222237 -0.9214046382259045 -0.0024221898444813103 -0.0012610201144931444 0.9999962714053633 53.713058032742055
0.9998698273101729 0.015956403867134455 0.002391988786085459 -0.2808998885053451 -0.015959329672378734 0.9998719107197058 0.0012091112975453492 -0.9360911613899452 -0.0023723893297809095 -0.001247128441884003 0.9999964082133087 54.68565955715305
0.9998689748111067 0.0160248987045625 0.002288193980786274 -0.27673974287617276 -0.016027917116418062 0.9998706905357185 0.0013069355499752266 -0.9484495040890791 -0.0022669545858481827 -0.00134343929196704 0.9999965280378605 55.6853242084178
0.9998734131963434 0.015775617147748142 0.002070624712706599 -0.27698487824316337 -0.01577721656994804 0.9998752443623072 0.0007583856000880141 -0.9625043835678163 -0.002058402389724271 -0.0007909582930052074 0.9999975686793353 56.65770574124856
0.9998718528697051 0.01592803138960171 0.0016048847166101866 -0.2902967094794066 -0.01592958971413514 0.9998726523606335 0.0009629293058890471 -0.9779791198451703 -0.0015893427701213782 -0.000988371064334699 0.999998248554566 57.61117382341009
0.9998826491985464 0.015293594675712355 0.0008909509475072771 -0.2987429848094395 -0.015295513481291434 0.999880622402107 0.0021881983722629944 -1.0011315840846982 -0.0008573791689493575 -0.0022015691376578318 0.9999972089932522 58.53105656734921
0.9999131648691335 0.013177998061352317 -5.557416174637819e-05 -0.3007060159918481 -0.013177735903936196 0.9999074882701975 0.0033707829399124063 -1.0179917589784546 9.998919153050133e-05 -0.0033697578959069187 0.9999943173507966 59.461017495460595
0.9999397576066872 0.010911201626066862 -0.001194502638917485 -0.29860054028321115 -0.010906478769860813 0.9999329505789346 0.003891409429197471 -1.0321775861006495 0.001236882501097191 -0.003878147183706998 0.99999171501373 60.425877956081045
0.9999481204207115 0.01000298572267609 -0.0019226917894793053 -0.3021661480375625 -0.00999549988148829 0.9999425766523018 0.003864373179662236 -1.0582953018341983 0.0019612366518219826 -0.0038449544320523807 0.9999906848947203 61.309616915947586
0.9999694701887231 0.00747411705478683 -0.0022795316919996837 -0.3296744990394364 -0.007465995148660505 0.9999658243976626 0.0035509087766577682 -1.0697463866586716 0.002305993695477248 -0.003533781395528073 0.9999910973514344 62.21782432556434
0.9999708518419869 0.007247419931618128 -0.0024021596002052697 -0.3360172495655745 -0.0072396222575078426 0.9999685476738973 0.003239063525517848 -1.0892870709355693 0.0024255589002513517 -0.0032215783846734885 0.9999918690153105 63.12275066368755
0.9999686389412125 0.007720221599820182 -0.001766157555102373 -0.3483351565008913 -0.007715229539019935 0.9999662719116014 0.0028160739282648887 -1.10873915904953 0.0017878387007505198 -0.0028023593022640284 0.9999944751922993 64.06445474863706
0.9999766793448098 0.006498301705058138 -0.002100676433552267 -0.34871982581623284 -0.006493500024473809 0.9999763073086079 0.0022845741110851126 -1.118365960240941 0.00211547251471382 -0.002270880090846163 0.9999951839282295 65.03900878812654
0.9999653980882073 0.008079099290355794 -0.0019826197191123627 -0.35583281437125286 -0.008076445071025801 0.9999664829727337 0.0013431180708399497 -1.1304793084318832 0.0019934044518447693 -0.0013270590771276322 0.9999971326223381 65.97571754224664
0.9999543250863058 0.009275517204340226 -0.0023048908397944714 -0.3563754559703294 -0.009272794871357005 0.9999562998170843 0.0011890043713112496 -1.1386328297346793 0.0023158187461439087 -0.0011675772836797647 0.9999966368677559 66.92914559704454
0.9999448507744491 0.010204588357405238 -0.0024822945274960923 -0.3523087482619631 -0.010198195835622006 0.9999446830629709 0.0025744156208865085 -1.1570742852591616 0.0025084280662366516 -0.0025489587181445495 0.9999936052785989 67.83331551682568
0.9999263348666142 0.011848427596993436 -0.0026343127564766537 -0.35263318443836844 -0.011838511551674384 0.9999228964320666 0.0037484443631603916 -1.1700486564787218 0.0026785228132009415 -0.003716981891506998 0.9999895047255036 68.77066989182768
0.9999436071805715 0.010283273257322851 -0.002652687283271428 -0.3597518775222652 -0.010276490926192209 0.9999439239675351 0.0025578613427096747 -1.1882137892257636 0.0026788417182332606 -0.002530456780899156 0.9999932102747143 69.68210305097186
0.9999391166773012 0.010772675970459769 -0.002390060889267416 -0.37391965666392013 -0.010772349701067644 0.9999419654053414 0.0001493426158957529 -1.2070999170620367 0.002391531002660733 -0.0001235869517139294 0.9999971326487535 70.58731394550425
0.9999418384393182 0.010436823819953658 -0.0027189055055599617 -0.3746787554761394 -0.01043921060629496 0.9999451357020883 -0.0008651402460207404 -1.2296796039911122 0.002709727018389651 0.0008934731553061003 0.9999959295343188 71.47063627694072
0.9999659679146053 0.0076475742011928 -0.003094773245912584 -0.37113806944311667 -0.007646465613528524 0.9999706969443797 0.00036988672364122153 -1.2481995045323817 0.0030975112957637736 -0.00034621005841704806 0.9999951427693876 72.38864330298487
0.9999815112647894 0.005449361393563012 -0.002698441956049625 -0.37309420833093015 -0.005443031227394137 0.9999824307664951 0.002347673185307966 -1.2668554733968156 0.002711187866112194 -0.0023329420759669274 0.9999936034003543 73.31028948288984
0.9999915307485628 0.003675201451816199 -0.0018523837169245841 -0.3806802274920899 -0.0036694136329325556 0.9999884057427096 0.003118298212154726 -1.2862709814635325 0.001863822614026333 -0.0031114746404377787 0.9999934224237803 74.21415960661413
0.9999951071460232 0.00276042006943398 -0.0014716538499090586 -0.3812860701437975 -0.0027583984485102494 0.9999952517092251 0.0013739712508361681 -1.3014825306002962 0.001475439599882951 -0.001369905120498099 0.9999979732169199 75.11336733212981
0.9999893985487027 0.004563200927593828 -0.0006164312601747925 -0.3920206426039381 -0.00456377599015621 0.999989149058192 -0.0009347270082234789 -1.3209382918957298 0.0006121592241627376 0.0009375303529464062 0.9999993731487642 75.99551687952597
0.9999718836971156 0.007441481047621066 0.0009252972822421562 -0.40453394950815164 -0.007438862562350268 0.9999684060163433 -0.002801837416333795 -1.3456973201262823 -0.0009461178684484604 0.0027948754797134656 0.9999956467565405 76.8460006704592
0.9999330103591336 0.011329183312211286 0.002371581666220786 -0.414200769345087 -0.011322297924625782 0.9999317045627565 -0.0028968569038387466 -1.3612231424335484 -0.002404238720908133 0.002869811090258601 0.9999929918856826 77.73054614863081
0.9999182212048515 0.012263085210705224 0.00362872479547843 -0.41586104195326673 -0.012260601470632177 0.9999245868188205 -0.000705922647829991 -1.3795201002929298 -0.0036371079313818324 0.0006613745697634591 0.9999931669914417 78.6267686729738
0.9999129843433447 0.012448060291349577 0.004366868050384041 -0.4100824824926938 -0.012455195687172568 0.9999211339052675 0.0016106116830380784 -1.3973847771478363 -0.004346474661219634 -0.0016648617307114231 0.9999891681380536 79.55515857030733
0.9999185034935926 0.011554110957757059 0.005430367493139907 -0.4094444097020202 -0.011563634590970531 0.9999316498922903 0.0017256589245369667 -1.4029655866864406 -0.0054100578722488515 -0.0017883130747476824 0.9999837664733188 80.47834809088486
0.9999187118784045 0.011201073909013579 0.006091434865225919 -0.40006135373106894 -0.011211439744985128 0.9999357549127247 0.0016702293132839306 -1.421516283699572 -0.006072335158479623 -0.0017383872984313633 0.9999800521787037 81.41105694082336
0.9998783038237571 0.013572011417027886 0.0076927269952427255 -0.4085171565409245 -0.013582576448961969 0.99990687757205 0.0013228004822407094 -1.442541819767215 -0.007674057566581951 -0.0014271265549938446 0.9999695356110905 82.29986769944396
0.9998549148308016 0.01504895353059189 0.007979867563156212 -0.40017915491886574 -0.015057408256301774 0.9998861302598063 0.0010004852158024568 -1.4550050419930003 -0.007963902642191363 -0.001120496183965182 0.9999676598485606 83.2462457329377
0.9998398488413748 0.015189384546910005 0.009463575748283578 -0.4029069036198333 -0.015195163707865392 0.999884401521468 0.0005390676598312787 -1.4779088876138549 -0.009454293667345655 -0.0006827819102778179 0.9999550740608869 84.15202636698619
0.9997987160076246 0.016824068556450585 0.010930607792526383 -0.4050030134537777 -0.01682566445580021 0.9998584370269294 5.40525847745718e-05 -1.5016055992156228 -0.010928151038798838 -0.0002379564438690479 0.9999402576612281 85.04197055394872
0.9997857248146693 0.016486954698612527 0.012517379181514972 -0.40691533014686737 -0.016490157632277364 0.9998640164455739 0.00015270423329190403 -1.5208528676089843 -0.012513159396026126 -0.00035908506840973137 0.9999216428800022 85.95142664626682
0.9997845763158819 0.016552251032685903 0.012522936821077782 -0.39784182498939974 -0.01656146903935349 0.9998626492603296 0.0006327379939064852 -1.5326605344312731 -0.01251074354833043 -0.0008399999176003422 0.9999213847578247 86.88066401211238
0.9997883906550369 0.015273974376669212 0.013779681351653252 -0.3957100141454644 -0.015294399601275138 0.9998820841333561 0.0013781037581779858 -1.5465464520406396 -0.013757007387094716 -0.0015885640915143707 0.9999041060081099 87.82278958475932
0.9998008664693718 0.014202508603362165 0.014018422039030245 -0.38811073694228787 -0.014229247042972463 0.9998971218643439 0.0018094794798851836 -1.5645667695984808 -0.013991280702026307 -0.002008590742193245 0.9999000998237505 88.7434719808289
0.9998377039097982 0.011398097871566105 0.013951673924403166 -0.37356662522534817 -0.01142982656391552 0.9999322647941423 0.002196562854248548 -1.5812207736858803 -0.013925692266505032 -0.002355671573917122 0.9999002579789313 89.67252019671514
0.9998658097438015 0.008915208373665641 0.013743418971506603 -0.3680642585556719 -0.008961338662628543 0.9999544057350379 0.0032986149300616202 -1.6009784504727498 -0.013713384510976747 -0.0034213317198648367 0.9999001137986313 90.59431590259209
0.999884334609293 0.007657007361068737 0.013141066973576095 -0.36122818607362334 -0.007693161611953129 0.9999667542471284 0.0027028993453641053 -1.616613947633862 -0.01311993396872954 -0.0028036830654362107 0.9999099992968984 91.52433260978728
0.9999103000200408 0.0059396421297081056 0.012004689300565025 -0.3546661031625233 -0.0059769596098163255 0.9999774096259163 0.003075092138518776 -1.634631931962734 -0.011986153163326492 -0.0031465678458931006 0.9999232126734209 92.4581838118274
0.9999303050805474 0.004617997873812155 0.01086549939768469 -0.34507237572293936 -0.004663162001706641 0.999980578166892 0.004134998083334606 -1.6490620447778268 -0.010846192957413892 -0.00418537747889677 0.9999324190732535 93.40646725931087
0.9999529879452361 0.002789920491981833 0.009286454815666208 -0.3304309090257834 -0.0028279039429385884 0.9999876798987434 0.004079584539246692 -1.665420307121814 -0.009274958689099933 -0.004105653951783726 0.9999485580503341 94.40519248986439
0.9999641452429042 0.0027888326909137643 0.007995663878074046 -0.32662232115156237 -0.002819539314656395 0.9999886840232236 0.0038317128740762902 -1.6826435702506386 -0.007984887393204113 -0.0038541195775928312 0.9999606928952748 95.39064233239425
0.999973353613116 0.0028197741076484316 0.006733567978517011 -0.3194409965286984 -0.0028410590305398544 0.9999909917232107 0.003153546576466843 -1.69675624956922 -0.00672461503169154 -0.0031725930099577235 0.9999723567210581 96.34199729906436
0.9999804091491538 0.0030870378943557513 0.005445320461742193 -0.3042334034592236 -0.0031001388061563185 0.9999923166875156 0.002399105106705147 -1.7060928046351722 -0.00543787249526881 -0.002415939355470131 0.9999822962331654 97.32177289972968
0.9999889199519363 0.0005831948365302074 0.004671172994438636 -0.30072515420840146 -0.0005818732229251276 0.9999997903031316 -0.0002842837310461834 -1.7225987231184652 -0.004671337807714586 0.0002815625506837822 0.9999890496028515 98.25251992246514
0.999981624009792 -0.004927972720547204 0.003530825343512081 -0.29289829322428723 0.00493046911089617 0.999987601088867 -0.0006986722216689698 -1.7413399966034044 -0.003527338527475652 0.0007160680081671481 0.9999935225437805 99.17406406137944
0.9999198661216747 -0.012440600150558373 0.002343672995024105 -0.28962724113368693 0.012437393029628955 0.9999217030407704 0.0013780575698452693 -1.755165465363734 -0.0023606333557682742 -0.0013487979585756526 0.9999963040702824 100.11385632443474
0.9997968794693708 -0.020144399971642045 0.000634785863194979 -0.29018486260572357 0.020142673468362064 0.9997936881269133 0.002617992957373072 -1.7617076223494001 -0.0006873927965930048 -0.002604674904889753 0.9999963715733078 101.0569482301758
0.999729395143462 -0.023252975961717458 -0.00065999622112281 -0.28220536502390897 0.02325233849412038 0.9997291691630897 -0.0009576424316859942 -1.7811095168369464 0.0006820855102356138 0.000942036833454753 0.9999993236627509 101.97039535851665
0.9997471425849033 -0.02248414708320564 -0.0003376733072977031 -0.2845111492154211 0.022482373696420588 0.9997368244278204 -0.004563414943399539 -1.7958914706125855 0.00044018893271875064 0.004554669352610962 0.9999895305555903 102.88594286823282
0.9998304291005485 -0.018413586690017802 0.00022993439012698478 -0.28746472886728486 0.018414762746292224 0.9998046853814513 -0.007175486205684147 -1.8117698243996228 -9.776304329005903e-05 0.007178503639275634 0.999974229431882 103.78688477025602
0.9998331240145094 -0.018268110674868655 -1.599243535469445e-05 -0.281318877517568 0.018267477271873837 0.9998050211058459 -0.0074979360929939036 -1.8313508518997255 0.00015296244354510297 0.007496392726069853 0.9999718899542055 104.7040327146158
0.9997510083873221 -0.022303770797076967 0.0006804680483741221 -0.286360319652767 0.022305930067929174 0.9997455776983529 -0.0033504262990632135 -1.8608334697820927 -0.0006055677818823785 0.003364770543716318 0.9999941557863464 105.62127693703117
0.9996218000556224 -0.027476489317756387 0.0011399071582620954 -0.2789133350357386 0.027477175298785458 0.9996222566978572 -0.0005905521796278387 -1.880619502326712 -0.0011232502653149988 0.0006216502616382024 0.9999991759295562 106.54772995009733
0.9994944556413448 -0.03177744774136762 0.001013388996235907 -0.2720405212655366 0.03177636901556641 0.9994944379987598 0.0010633822096597668 -1.8998736340253228 -0.0010466682378656225 -0.0010306428000819172 0.9999989211299262 107.47118360913197
0.9994317732141994 -0.03368946027566216 0.001072826293702459 -0.27585074695362705 0.03368818887073052 0.9994316930266909 0.0011819071057913382 -1.9235970972904817 -0.0011120344115308205 -0.0011450939397078144 0.9999987260688559 108.38672306681923
0.9994947476185893 -0.031741685068836824 0.0016476989543369395 -0.2676510581512769 0.031738520943022284 0.9994943770231398 0.0019122205598082703 -1.9386758088889546 -0.0017075629426804074 -0.0018589588780466863 0.9999968142452677 109.33782829563243
0.999617657874596 -0.02739543021913244 0.0037454597068781958 -0.28644576421075796 0.027391948657988132 0.9996242920370891 0.0009777106222847518 -1.955383106528758 -0.003770837310970964 -0.0008747413623360447 0.9999925077786938 110.2746444151286
0.9996930937767514 -0.02429367212548951 0.004851365758785185 -0.2876133972439692 0.024298000540378957 0.9997044110694969 -0.000835259196628148 -1.9777561582252172 -0.004829640235708504 0.0009528813382112904 0.9999878832227652 111.2367457083235
0.9997541753881872 -0.021563955306453778 0.005156028066828722 -0.2790638761106318 0.02157149032332393 0.9997663136607409 -0.0014102745970403074 -1.995621861983832 -0.005124412075126385 0.0015211511263853905 0.9999857131480092 112.20607992036048
0.999787952616735 -0.01948182684108334 0.006671448521112331 -0.2905263098545922 0.019484458701232346 0.9998101055463481 -0.00032972187637703555 -2.010687644558504 -0.006663758065541174 0.00045964152290302833 0.9999776912802163 113.15524462769079
0.99980632417916 -0.01853267061376569 0.0066222542443163624 -0.2999605115006817 0.018534231224072148 0.9998282111793428 -0.00017436411224748153 -2.028097473453539 -0.0066178851824126314 0.00029706873352382783 0.9999780574322007 114.06859253878245
0.9998472424851369 -0.01605979728269402 0.0068974347480981624 -0.30463859231666607 0.016078476034264214 0.9998671914660796 -0.0026612099026230344 -2.0481374861622186 -0.006853780218340755 0.002771703622107186 0.9999726713044448 115.0762326587917
0.9999030217352116 -0.012274298519515987 0.00657941643645981 -0.29917970740444944 0.012310786199985898 0.9999089043275027 -0.00553421988249415 -2.0667144026183277 -0.006510888413186639 0.005614680972523125 0.9999630411618448 116.0068942329662
0.9999521536261207 -0.0074105441620964585 0.006385475213507557 -0.30391613078369095 0.007452150602800879 0.9999509970245607 -0.006516824454942955 -2.0889907473613154 -0.006336869090804643 0.0065640981714852895 0.9999583774864423 116.9470191568441
0.9999736524494502 -0.00278206183986468 0.0067048146002019575 -0.3098776167753672 0.002815897243305134 0.9999833228866517 -0.005042288298133583 -2.111093528975306 -0.006690674825391185 0.005061035515137513 0.9999648097757705 117.9091286430706
0.9999745742751033 0.0008922951499470511 0.0070749284582009376 -0.312950393108799 -0.0008685513454408205 0.9999939833280808 -0.0033584112603743327 -2.129077506412958 -0.007077882584758838 0.0033521809317024302 0.9999693327603176 118.89042457830561
0.9999732014678525 0.0012321438955382473 0.0072165204601215205 -0.31359342533562135 -0.0012266714663063567 0.9999989567848308 -0.0007626967677388894 -2.1563588478278377 -0.0072174526839065434 0.0007538240288507955 0.9999736697164013 120.07358235833385
0.9999766026746576 -0.0025105608212032484 0.006363268626268835 -0.3115146847660944 0.0025081858961713316 0.9999967818486895 0.00038117682239156164 -2.180838318954769 -0.006364205115905937 -0.00036520764325127 0.9999796815518891 121.06745989916874
0.9999782477624793 -0.004634210747966802 0.004693409487990849 -0.3065791532549905 0.004629623421209999 0.9999887953653652 0.000987790817025564 -2.20108835202968 -0.004697934530875475 -0.0009660406118739446 0.9999884980221909 122.04277793185446
0.9999791904295333 -0.005952515056237958 0.0024872218231099027 -0.29862705406776874 0.005959625858586294 0.9999781474711145 -0.0028613702763825325 -2.2222016988889264 -0.002470135121373651 0.002876133643989416 0.9999928131180451 123.01803205009291
0.9999884242972368 -0.004767292492202709 0.0006513016350490041 -0.3005813983340863 0.0047717911836534736 0.9999634822835315 -0.007089718491460361 -2.244721862712559 -0.0006174790892665403 0.007092744298386715 0.9999746555277738 123.9724664619137
0.9999998165467582 0.0005840239708974679 -0.0001606936451113475 -0.3101801967761719 -0.0005853236092971468 0.9999661250536197 -0.008210124330131088 -2.2639510627231765 0.00015589329220774473 0.00821021688174176 0.9999662834496142 124.9213305065182
0.9999885057678339 0.004794335559227561 -5.175670728483447e-05 -0.3188569494913811 -0.0047945869311639185 0.9999612876651187 -0.0073780151309680376 -2.2921085301750073 1.638202336078649e-05 0.007378178478381789 0.9999727807365402 125.83614377485324
0.9999809348286743 0.0061692641642846005 0.0002648751371485853 -0.3260559157143395 -0.006168204115369237 0.9999736343357157 -0.003831956602979013 -2.3036749862180756 -0.00028850850609163966 0.0038302497421590807 0.999992622947666 126.82812283166746
0.9999762758005007 0.0067798623489461925 0.0012170877892349488 -0.34112790015482075 -0.006778022079034381 0.9999758891133169 -0.0015098373167313028 -2.326909052050775 -0.0012272949333480584 0.0015015520491422473 0.9999981195425263 127.77965247815635
0.9999773101907624 0.006560443799522995 0.0015296015159814672 -0.3463540375216492 -0.006559639968250784 0.999978344907612 -0.0005299427476303784 -2.3449533961704065 -0.0015330450519342486 0.000519897088091025 0.9999986897390841 128.72528714946188
0.9999855988741432 0.0050097186789346175 0.001924776110442324 -0.374242274373815 -0.005010376913753199 0.9999873910929733 0.00033731031302001367 -2.3654903159899523 -0.0019230620113456767 -0.00034694930915937913 0.9999980907275153 129.7098839851306
0.9999949282372284 0.002576209098420331 0.001872604202259197 -0.3577669854057802 -0.002577704724533454 0.9999963603363087 0.0007967135523334013 -2.3834323323160116 -0.0018705448859093682 -0.0008015365322904431 0.9999979292983638 130.62953410346452
0.9999972617191796 -0.000753899963761046 0.002215443292843042 -0.3589518543149193 0.0007517897381482784 0.9999992631244038 0.0009531856245765015 -2.4006056989983686 -0.0022161602669468214 -0.0009515174669534027 0.9999970916198605 131.60836751920138
0.9999883508571794 -0.004285710024094594 0.0022205493744535607 -0.3562125364119036 0.004281129795080462 0.9999887072561517 0.0020633196175370194 -2.4180805119885336 -0.002229367087928114 -0.002053789121543513 0.9999954059257623 132.5885117374126
0.9999502341104486 -0.009679182401516915 0.002417174071711385 -0.35227531806659157 0.009669374109763791 0.999945101424578 0.0040369965706841 -2.430858845486534 -0.0024561161984622856 -0.004013423105570694 0.9999889299028234 133.59381450353288
0.9999306185768755 -0.011498862771426048 0.002556205670003916 -0.35994665609641485 0.011488698732618886 0.9999261773396602 0.003955966673430346 -2.451926258480487 -0.0026015060820091165 -0.003926324725991269 0.9999889080086088 134.57858638143165
0.9999499728321449 -0.009517443513828633 0.0030773530752563273 -0.3606027588765 0.009518870747447653 0.99995459350626 -0.00044947237880341054 -2.467911096894615 -0.0030729355154689173 0.0004787428191410626 0.999995163924621 135.5793204505503
0.9999923711453245 -0.001557160770445749 0.003582303935004089 -0.368863772471369 0.001579562148259633 0.9999791645044884 -0.0062590366926714 -2.479234846431504 -0.0035724829695299516 0.006264647415089523 0.9999739954409794 136.5387856272222
0.9999545441778801 0.008231446058761884 0.004811743320828212 -0.37305460931034234 -0.008198902437209526 0.9999436438128028 -0.0067444197078018395 -2.494532963790904 -0.0048669884763453426 0.0067046621206190826 0.9999656793755566 137.51084631209747
0.9998523177752927 0.016047392269869478 0.0061501089997063755 -0.3852009888814001 -0.01603023697058466 0.9998675063450793 -0.002828649489609952 -2.515434676149511 -0.006194686597242612 0.0027296440437002095 0.9999770871881792 138.49337988445748
0.9998324841331256 0.01693267181230122 0.006948978160530086 -0.3802068597147835 -0.01692739240302848 0.9998563869366721 -0.0008178559609342805 -2.5282504839541504 -0.006961828683067746 0.0007000908769606338 0.999975521107467 139.50965346623423
0.9998569307595887 0.015522798337056457 0.006720174387441934 -0.37404915169598374 -0.015522603655305946 0.999879513838397 -8.112980999897763e-05 -2.54966752577903 -0.006720624061106489 -2.31964006921301e-05 0.9999774160820608 140.50653536956708
0.9999009572966122 0.012980084031001723 0.005439946310576961 -0.3678975253872761 -0.012978037571812847 0.9999156971231701 -0.00041132403830254063 -2.565581956922998 -0.005444826728036379 0.0003406834720504994 0.9999851187876108 141.51247823259746
0.9999340912249242 0.010894776304216114 0.0036217475699981674 -0.355058978480488 -0.010888842776748493 0.9999393468428102 -0.0016540068176262516 -2.5777699004864507 -0.003639547933859248 0.0016144611641961716 0.9999920735715782 142.51939279392937
0.9999320174292883 0.011303015586324839 0.0028639759850736597 -0.34302941714593854 -0.011297431621718278 0.9999342640783814 -0.0019584587749557083 -2.6014976735953725 -0.0028859242090333624 0.0019259700610359486 0.9999939810222769 143.53967178523928
0.9999215480160555 0.012152343282394926 0.003036176199797226 -0.3502704272583944 -0.01214782221917933 0.9999250827527925 -0.0015030958542337368 -2.6251312988048006 -0.003054214874643367 0.001466095004680658 0.9999942611520004 144.52246971488734
0.9999039093630799 0.013411476558146623 0.003507753833310698 -0.36184389750543255 -0.013410323885868982 0.9999100156335078 -0.0003519219628431902 -2.647373013933087 -0.003512157983461228 0.00030484803142098645 0.9999937858876801 145.5156747912562
0.999912640370254 0.012906897339682605 0.0028501980361205275 -0.36070526094057576 -0.012903955508038897 0.999916191156274 -0.001048139193841699 -2.6664444772821363 -0.0028634873892934036 0.0010112688001425517 0.9999953888770606 146.49011605413676
0.9999210203839496 0.01239010958831358 0.0021066985321972222 -0.3572939916984212 -0.012385644719228695 0.9999210489248257 -0.0021193682923595957 -2.6833656000780866 -0.0021327914114854275 0.0020931080859152296 0.9999955350396992 147.49554441542006
0.9999303395868858 0.01158939484840758 0.0022364929458673294 -0.3650308084327823 -0.011583767665376287 0.999929748522234 -0.002512836431369263 -2.701577363974257 -0.0022654580825275427 0.0024867543714751526 0.9999943418601782 148.49459642991286
0.9999331183729651 0.0114121070959183 0.001876857091814963 -0.36835507818361835 -0.011407518204032635 0.9999319605545891 -0.0024377838039611553 -2.725526380326592 -0.0019045496413488882 0.0024162104795726978 0.9999952672975911 149.48423297943566
0.999935110249327 0.011313438822499971 0.0013346882293226706 -0.3622278022364824 -0.011310432965179492 0.9999335292746193 -0.002238557244898469 -2.74709533895736 -0.0013599252920707973 0.002223316083729775 0.999996603728628 150.47742487824146
0.9999414001419856 0.01075236073452821 0.0012581815105830267 -0.3703232664110118 -0.010749834235771786 0.9999402229865142 -0.00199787826910619 -2.77425639016791 -0.0012795882081050806 0.001984235951045969 0.9999972127269691 151.4484109448168
0.9999201521058817 0.012564106645242486 0.0013537491462176407 -0.3806254889689887 -0.012560876826730901 0.9999183039784618 -0.0023684894288177054 -2.7957001136572197 -0.0013833965040720975 0.0023512960336446002 0.9999962788036131 152.42321571424387
0.9999241230386524 0.01226873719387413 0.0011073631035466317 -0.3808203693894969 -0.012266404445059944 0.9999225819803045 -0.002089346267477012 -2.8226603111872652 -0.0011329110139528143 0.002075604370535349 0.9999972041856567 153.43451964895058
0.9999170237488835 0.012849273479119447 0.0009174901781312192 -0.3848341559451683 -0.012847307876569089 0.9999152287899306 -0.0021170532112892546 -2.842437279659571 -0.0009446149970623537 0.002105090267358125 0.9999973381451935 154.4506811602806
0.9999302787396819 0.011768558777683036 0.0009688569922653047 -0.4025196709683838 -0.01176675897468636 0.9999290711140506 -0.0018428576227519755 -2.864076829304147 -0.0009904760505725298 0.0018313288296869501 0.9999978325936061 155.4634119072616
0.9999435999493264 0.010579013592087284 0.0009388246871537604 -0.41085422202947636 -0.01057710223722151 0.999942024541519 -0.0020180347037459783 -2.886372267077125 -0.0009601190749243984 0.002007990841787518 0.9999975230690025 156.47352017161722
0.9999566945382778 0.009274187262134253 0.0007736269781671738 -0.4140551592609548 -0.009272700319356127 0.9999551949394295 -0.0019039806797172692 -2.903205262085447 -0.0007912501891328191 0.0018967246158272577 0.9999978881772045 157.49300562560148
0.9999617305782269 0.008681881375849548 0.0010781070293769902 -0.4175394709586873 -0.008680520899037567 0.9999615294304278 -0.001260244450298044 -2.921266640285821 -0.0010890068468096515 0.0012508376908716558 0.9999986247336331 158.51325308209385
0.9999612228010634 0.008757875882417226 0.0009233115530134076 -0.4247009791642271 -0.008756825173529055 0.9999610130607797 -0.001135945127690577 -2.938550799824039 -0.0009332240223616376 0.0011278158010698733 0.9999989285616467 159.5286489675387
0.9999549840681802 0.009442088020556827 0.0009363818724049415 -0.43593440018149954 -0.00944080535069663 0.9999545030818265 -0.0013649031839537804 -2.958262647867811 -0.0009492268059200258 0.0013560015425737536 0.9999986301132046 160.53372617310305
0.9999521749846375 0.009692284017634023 0.0013066652242885968 -0.4384262641877351 -0.009690195277184115 0.9999517760969905 -0.0015954923873450421 -2.9823025547521445 -0.001322066177159754 0.0015827542417117782 0.9999978735127549 161.54263935287918
0.999936978819531 0.011137642577176348 0.0014111368063168663 -0.429458850463042 -0.011136505862811735 0.9999376584411815 -0.0008108442073651282 -3.00731346528657 -0.0014200797268181392 0.0007950779736891352 0.9999986756114148 162.6318064142994
0.9999287253494122 0.011757766446638444 0.0020734389983499157 -0.42545010507246594 -0.011760106190460536 0.9999302204536319 0.001119877642691351 -3.0215138569543027 -0.0020601270549476794 -0.0011441816866038174 0.9999972233585372 163.69805829530776
0.9999349492114316 0.011277090556282428 0.0017101386233036775 -0.4192102508594147 -0.011278957488458594 0.9999358008022952 0.0010859980848609188 -3.030503579896395 -0.0016977819350312354 -0.0011052160206608396 0.9999979480149185 164.75316093128845
0.9999342446641257 0.011316413135208567 0.0018561092992982883 -0.41812020405783545 -0.011315903078762546 0.9999359324836876 -0.00028507101602678756 -3.055875961799407 -0.001859216364377764 0.00026404871815183224 0.9999982367948372 165.76368632197887
0.9999313726198974 0.011551487562507352 0.0019527379687327886 -0.41292572487580786 -0.011548176387068987 0.9999318750166564 -0.0016985134089750947 -3.0758932731525763 -0.0019722252950117726 0.001675846281949012 0.9999966509277036 166.79311007418414
0.99991646339069 0.012669457180933638 0.002559510693183524 -0.41071978884066 -0.012667374581493385 0.9999194225646095 -0.0008282507250267285 -3.1016752672857053 -0.002569797941473871 0.0007957592550735019 0.9999963814463262 167.8082127791441
0.9999203269845869 0.012364390439931172 0.002541954381736977 -0.4190243419986401 -0.012365787760698813 0.9999233977482607 0.0005347229417128412 -3.1213138555171964 -0.002535148139081043 -0.0005661136071057241 0.9999966262639566 168.83965555508718
0.9999217683379544 0.012395337067464518 0.0016771472432076512 -0.41650483101830316 -0.012396374227217802 0.9999229762835324 0.0006094311236828651 -3.1301868643639117 -0.0016694639588985087 -0.0006301739917342264 0.9999984078841468 169.8859439306419
0.9999219554567185 0.012463489673814818 0.0008627982128499934 -0.41653259555401784 -0.012464242521703365 0.9999219374292516 0.0008727577469616341 -3.1476206468276287 -0.000851853253438517 -0.0008834437591542599 0.9999992469362954 170.92682334172792
0.9999019401966308 0.014003906244859752 -2.451309008215322e-05 -0.4078824331070936 -0.0140038767597931 0.999901492505809 0.0009469531906103573 -3.1621455091311694 3.777171905665221e-05 -0.0009465170542743008 0.9999995513392804 171.98329428958422
0.9998817635498183 0.015367333192053868 0.000551353845218169 -0.4230932374689722 -0.015367846623021292 0.9998814663923423 0.0009393909002755181 -3.181244117644358 -0.000536852558297702 -0.000947752951358591 0.9999994067766605 173.10331875945892
0.999883851612596 0.015239557463905536 -0.0001979208359158345 -0.4245040388963859 -0.01523935393897656 0.9998833821655342 0.000992048752886287 -3.1987063604834414 0.00021301613879115303 -0.000988917342353162 0.999999488333176 174.2652328873789
0.9998933914300443 0.01457471463015004 -0.0008851372587567434 -0.4092040261547318 -0.014573801864013946 0.9998932669765161 0.0010290550281144813 -3.2195646304687076 0.0009000409687524104 -0.0010160455069981203 0.9999990787884664 175.28805460018586
0.9999113917520022 0.013187995360540352 -0.0018125735668336061 -0.39682512235362916 -0.013185240914782917 0.9999119106503713 0.001523273297199702 -3.234957635815054 0.0018325028195812956 -0.0014992391034672804 0.999997197103835 176.33098013563838
0.9999404006034582 0.010616366510171803 -0.002547155886056808 -0.38722819382009466 -0.010610742018409811 0.9999412587840354 0.002211591104204622 -3.2496399659521362 0.0025704853247537356 -0.002184432080721931 0.9999943104146539 177.40457721755462
0.9999521072732385 0.00936598770467756 -0.0028392664749643582 -0.3883132212095786 -0.009361940165688868 0.9999551456839705 0.0014355126184464005 -3.265837643965557 0.002852584115140936 -0.0014088628249798846 0.9999949389218957 178.42343663172042
0.9999620297829209 0.008182173968834321 -0.0029985032190842694 -0.3904229057363165 -0.008180250271980874 0.9999663278139529 0.0006532562743931898 -3.2844158310932863 0.0030037473094073844 -0.0006287029633373312 0.9999952911062556 179.44821726577644
0.999975623052691 0.006340678732717775 -0.002923883304990823 -0.38508931471683394 -0.0063334115770001835 0.9999768485007716 0.002488043459327891 -3.2999043652357822 0.002939591496955416 -0.0024694646520500955 0.9999926302459249 180.50883201849325
0.9999890317393638 0.0042130163517662 -0.002046190162153362 -0.39654125689774633 -0.004203336138710748 0.9999800627634634 0.004712328604740514 -3.320945565871729 0.0020660024842407885 -0.004703676093637072 0.9999868034453961 181.55652902672247
0.9999949613063202 0.002440112119789396 -0.002030570068793618 -0.3949154674393299 -0.0024319812937630514 0.9999890543093525 0.003997089999935386 -3.339332190990227 0.002040301190552561 -0.003992131551400429 0.9999899499778628 182.60015016578126
0.9999949990700424 0.0025449266864777777 -0.0018775470849169233 -0.39015078559754385 -0.00253907948738346 0.9999919401014412 0.003110113744892388 -3.354832343345244 0.0018854469635432598 -0.003105330950141628 0.9999934009829456 183.6377505989734
0.9999967451359792 0.0020079326455570254 -0.0015741422831921541 -0.3954220519049603 -0.002003384510170435 0.9999938300051187 0.0028855505872761246 -3.361068316068846 0.001579926561964944 -0.0028823875829345307 0.9999945978223487 184.7040360480899
0.9999940120536845 0.003351589928938561 -0.0008618014347791257 -0.3958835236149069 -0.003348633155107727 0.9999885799759158 0.003409776200433216 -3.3861078105559503 0.0008732197645572341 -0.003406869926018872 0.99999381534315 185.77910397918484
0.9999900520440524 0.004457900789344731 0.00015143802085120121 -0.40363660748488606 -0.004458366369842721 0.9999848533092726 0.0032274016388987485 -3.405316604174545 -0.0001370482907548365 -0.0032280446990288142 0.9999947804589718 186.85056355995115
0.9999802532762943 0.006205395865230405 0.0009930355594776872 -0.41024421614636974 -0.006208285221788084 0.999976425662797 0.0029334814224108332 -3.428074306510837 -0.0009748087358352882 -0.00293958854375242 0.9999952042720617 187.89678364285962
0.9999712460218059 0.007472856074890422 0.001289787451080737 -0.41240443445963 -0.007476498734162858 0.9999680094216454 0.00284290344259474 -3.4514711416505652 -0.0012685015817749886 -0.002852464792056609 0.9999951271623014 188.97692713814405
0.9999688851506665 0.007578405839227231 0.00219009028502933 -0.43246389724204376 -0.007583147468644252 0.9999689040456522 0.002164905587067557 -3.4704589074421324 -0.0021736156489414954 -0.0021814460039574846 0.9999952583329296 190.04722813546573
0.9999693479204413 0.007292182207654396 0.0028508416659664706 -0.44079631865909547 -0.00729780478689015 0.9999714363654871 0.0019668498754429626 -3.498447000683453 -0.002836417607902371 -0.0019875944733607318 0.9999940020836943 191.11370462498226
0.9999707039734224 0.00666772474959486 0.0037593405735644628 -0.43493004779544153 -0.006676724338152787 0.9999748627138717 0.00238648119240329 -3.520362183595288 -0.0037433336742359255 -0.0024115113586898555 0.9999900859838414 192.14097878493658
0.9999699103346058 0.006450086016341808 0.004309851014630795 -0.4342898813214447 -0.006465611888237554 0.9999726238712476 0.003598245539005199 -3.5418213916590466 -0.004286524034362182 -0.0036260030929577136 0.9999842387824284 193.17187850339354
0.9999797060265727 0.004836925843416337 0.004146285491917362 -0.42329491851864814 -0.004852445335228095 0.9999812286670388 0.003741134563740495 -3.5532323432889106 -0.004128112070158793 -0.003761178264948885 0.9999844059928112 194.2732531065058
0.999980770279043 0.004482673187641427 0.004285407006357133 -0.43240118179009934 -0.004487105411818113 0.9999894073635145 0.0010252052411843452 -3.5708472691766944 -0.00428076595255412 -0.0010444145997437857 0.9999902920733799 195.3528292859713
0.9999880484292143 0.002960534784515096 0.0038907881600403283 -0.43132526442253594 -0.0029564396230611616 0.9999950701886439 -0.001057857816922975 -3.592059368660197 -0.0038939008040548176 0.0010463422935790613 0.9999918713191288 196.4125698385448
0.999988958992401 0.003333492686822941 0.0033120567304365128 -0.43625551484126907 -0.0033299344502495803 0.9999938733455362 -0.0010792626860678719 -3.611007804163074 -0.0033156341528826606 0.0010682218381123313 0.9999939327177285 197.47153371355932
0.9999958682413951 0.0015043301989630183 0.002449589919834044 -0.428023060125153 -0.0015017401342033358 0.9999983118131044 -0.0010588425319424416 -3.6310175721117783 -0.002451178633267307 0.0010551595095655872 0.9999964391745189 198.53676370210226
0.9999969853222965 0.0020417472823670733 0.0013640433784762925 -0.43453383142832647 -0.0020397155148643956 0.9999968108385971 -0.0014892525809675518 -3.654983719194449 -0.0013670797057338542 0.0014864658309088243 0.9999979607541265 199.5883226063767
0.9999975584003186 0.0021476876017918036 0.0005202224060875326 -0.4255870110874868 -0.002146815013515073 0.9999962975802715 -0.0016721276994969246 -3.6803866747891245 -0.0005238116879367944 0.0016710067955585488 0.9999984666776268 200.7462523028571
0.9999976652801214 0.002133318257335593 -0.0003440748537541994 -0.43395598667763113 -0.0021337384586807926 0.9999969725992979 -0.0012255416865025604 -3.7012868531848615 0.0003414593416446617 0.0012262729909539507 0.9999991898297066 201.89137295000143
0.999996708722413 0.0019889365869926053 -0.0016207021872640544 -0.44252151898477476 -0.0019902490147591626 0.9999976925513056 -0.000808579569445434 -3.7286375439153394 0.0016190902340855907 0.0008118025091168355 0.9999983597604047 202.92050468563752
0.9999963877948349 0.0012021090205446574 -0.0024040239536542826 -0.46150209018832555 -0.0012015853602517408 0.9999992540587702 0.00021925902995048499 -3.742168994870884 0.0024042857336492775 -0.00021636959795368242 0.9999970862929092 204.02657323081925
0.9999909920359971 0.0031731982903083536 -0.002818981989661669 -0.4762013312283148 -0.0031685400127236985 0.9999936099820398 0.0016554000340169707 -3.7647128800217278 0.002824216888871669 -0.0016464530650039523 0.9999946564813582 205.1133587000029
0.999989804175407 0.004012526168820376 -0.002071516102135972 -0.47265537823976256 -0.0040101791551288585 0.9999913140522929 0.001135906294155966 -3.7671497605497852 0.0020760559627838785 -0.0011275875619626225 0.9999972092650706 206.32127836721148
0.9999879747305342 0.004848196328117784 -0.0007385029950506878 -0.4815271293303247 -0.004847516655441156 0.9999878281012977 0.0009193647380009287 -3.7863996896716796 0.0007429512668118123 -0.0009157737768239451 0.9999993046906607 207.3995090612409
0.9999942185905447 0.0033862766122220262 -0.0003097033693109066 -0.4980808235239021 -0.0033861298587570554 0.999994155107465 0.00047315481965990125 -3.79833705693266 0.0003113037922255617 -0.00047210338833229745 0.999999840104157 208.44321714798343
0.9999976982387425 0.0021365868435221686 0.00019624948958022275 -0.516186815503596 -0.0021364629526542975 0.9999975197207002 -0.0006293476753573771 -3.8189535546939606 -0.00019759365879205615 0.0006289269469850167 0.9999997827037971 209.46881773888336
0.9999993211962311 0.001058472319138696 0.00048707639154603634 -0.5098135859154297 -0.0010571599355970577 0.9999958316830792 -0.00268682514026368 -3.836446638313207 -0.0004899182912968651 0.00268630839878993 0.9999962718566775 210.60028219777084
0.999999698504375 0.0007758498819681857 3.2374458665609046e-05 -0.504584591444486 -0.0007757283379554751 0.9999932222853543 -0.0035991150155561973 -3.8567760818171934 -3.516661220306825e-05 0.0035990888166537393 0.9999935226405212 211.6708731679873
0.9999957418913871 0.0020465598748569407 -0.0020803345304844663 -0.5118500780646845 -0.002056492157873113 0.9999864444188252 -0.004783494391749089 -3.8770337382683695 0.0020705166226548323 0.0047877522147581055 0.9999863951022756 212.73995288957755
0.9999868106475651 0.0032855811144254688 -0.003947592638121394 -0.5287947900261325 -0.0033013674563113623 0.9999865538338277 -0.003999140464998475 -3.8965350968733574 0.003934400057746807 0.004012120172791697 0.9999842115693146 213.81787787710766
0.9999805270084108 0.00445607177851847 -0.004369099251705976 -0.5371495634017174 -0.004459314344680498 0.9999897887822015 -0.0007326983683216198 -3.9163053555267098 0.004365789681358407 0.0007521672874589096 0.999990187014267 214.89069731998924
0.9999884252203366 0.003295005562708977 -0.0035060467307368886 -0.5553247000205085 -0.003285895398204476 0.9999912187797282 0.0026010103539944574 -3.933505898981211 0.003514586286951041 -0.002589459745054321 0.99999047114533 215.97321527863284
0.9999903959191925 0.0022587709309642937 -0.003755798615832904 -0.5511392692841317 -0.0022469567178754566 0.9999925242556632 0.003146842590731101 -3.9482530282056003 0.0037628785350086336 -0.003138373251269753 0.9999879956071799 217.09271740396318
0.9999909174091198 0.0014001319499753048 -0.00402550987750493 -0.5565041330768493 -0.0013919067986207024 0.9999969395993471 0.0020453330779185122 -3.9668920497064555 0.004028361294020303 -0.002039711366428531 0.9999898058894525 218.17623631404672
0.9999929997041139 0.0007910795395233269 -0.0036571486043568357 -0.5623771102842303 -0.0007848148981500434 0.999998222956598 0.0017141030357931126 -3.982204262434828 0.003658498097282984 -0.0017112208518552223 0.9999918435241693 219.24755171669688
0.9999928345495563 0.0002806640435360829 -0.0037751923424419746 -0.5628945917107434 -0.0002712363075317534 0.999996844291298 0.0024975664769083437 -4.004445550324885 0.003775881406138762 -0.002496524611488363 0.9999897549897546 220.37671817565194
0.9999932753637281 6.124215316183148e-05 -0.003666807426877936 -0.5599001303275094 -5.1127539206883686e-05 0.9999961941476908 0.00275845538381047 -4.02924118544242 0.0036669624052952424 -0.0027582493593608956 0.9999894726681818 221.38244657701375
0.9999912203941054 0.0015919155064048668 -0.003876201711917256 -0.548195867444881 -0.0015852710524705549 0.9999972700351094 0.001716635667613059 -4.047131305448624 0.003878923868958471 -0.0017104757658609273 0.9999910140707625 222.33774182704758
0.9999908351193995 0.00233262564694969 -0.0035900605538529344 -0.547296928089381 -0.0023281243115362404 0.9999964992574758 0.0012575014830922596 -4.06825614781422 0.003592981266183498 -0.00124913185098594 0.999992765051447 223.4010208859924
0.9999949833395672 0.001093218808250105 -0.002972905702990592 -0.5479649956713332 -0.0010835859948940603 0.9999941644792664 0.0032398840724057647 -4.084958200663614 0.00297643025673989 -0.0032366464200235846 0.9999903324447078 224.51348110894142
0.9999969072420614 0.0002409730239176788 -0.0024753662954227103 -0.5533724840696699 -0.0002300738068721751 0.9999902828616443 0.004402413920693605 -4.10708683410652 0.0024764031049387147 -0.004401830788145913 0.9999872455753489 225.52218579025913
0.9999968087961919 -0.0008324403296750106 -0.002385254810799125 -0.5865257984389509 0.0008400950442930272 0.999994495124663 0.0032099782996057526 -4.126109110874966 0.002382569564872524 -0.003211971896656601 0.9999920032674274 226.57583858477196
0.9999976898044437 0.0007536641507212727 -0.00201305144143194 -0.6082363585550006 -0.0007471137703582409 0.9999944307749118 0.0032527281120981436 -4.1401461570700775 0.002015491694863211 -0.003251216619207695 0.9999926836650966 227.63588390221736
0.9999933610706069 0.0030520749945766343 -0.0019906413339217392 -0.617475692673937 -0.0030497063806256756 0.9999946394055017 0.0011918268538811156 -4.160390636547593 0.0019942682078370744 -0.0011857480698490887 0.999997308444292 228.707442967505
0.9999883510127845 0.004266563104103493 -0.0022570507288951196 -0.6281647318535076 -0.0042697467798676 0.9999898938917604 -0.0014076138599661047 -4.185325528126824 0.0022510222455341075 0.001417234497772052 0.9999964621663554 229.7731173052478
0.9999812621971926 0.005535815946652774 -0.0026134261604692567 -0.6401117938192294 -0.005537831936309264 0.9999843736331908 -0.000764792048111914 -4.208034515371738 0.002609151574095351 0.0007792504324440504 0.9999962925415402 230.84274482511515
0.9999705553718127 0.006653829800894793 -0.0038229489077258737 -0.6557772790501017 -0.0066426378936816815 0.9999736365719837 0.0029328352855314734 -4.231451823692999 0.0038423627085092497 -0.002907354464006839 0.9999883917020416 231.9014788867655
0.9999597749583856 0.007319610958990087 -0.0051837978901414375 -0.6633497397313716 -0.007288367025605139 0.9999553145148242 0.006020687639729369 -4.251623680945168 0.00522763534084381 -0.005982664035708608 0.9999684392818495 232.99123150343004
0.9999467625725459 0.007917476860514257 -0.006617067389034346 -0.6807865297991472 -0.007885153582215447 0.9999569222631834 0.004896730636006395 -4.27093132862641 0.006655552092247428 -0.004844293354037936 0.9999661176501163 234.03480718051105
0.9999342073379023 0.007351128124215001 -0.00880578848291598 -0.6824743267442083 -0.007322412898100672 0.9999677826339799 0.0032887632062141166 -4.286687341537357 0.008829680903302264 -0.0032240672105624873 0.999955820086951 235.12105097689962
0.9999202119858244 0.006561688741091467 -0.010794160600638288 -0.6984267142665878 -0.00651171321855399 0.9999679474003802 0.004658515087953145 -4.308580681084047 0.010824382345731024 -0.004587854916018888 0.9999308897789396 236.2158487384017
0.9999174128417675 0.004878177811328255 -0.011889948572250892 -0.7116836334181789 -0.0048157045135251994 0.9999744793578377 0.005277274206845586 -4.322720325208608 0.01191538861506607 -0.005219579892760654 0.9999153861701969 237.34829423849064
0.9999178732915995 0.004590097497335073 -0.01196568748354294 -0.7315256777977703 -0.004534003965821727 0.9999786254271947 0.004710785154282109 -4.342043277479742 0.011987054685229748 -0.004656145798499183 0.9999173119944844 238.44908113897304
0.9999131285562619 0.003855270756497708 -0.01260445271348426 -0.7509162513359983 -0.0038059779061804743 0.9999850252692035 0.003932399969665107 -4.3592531843509805 0.012619424431801878 -0.003884086087855286 0.9999128282016743 239.5650235537763
0.999911662814446 0.003212137672063044 -0.012897625332177217 -0.7700897462228246 -0.0031636421439027477 0.9999878564022306 0.0037786791937829585 -4.374043753485183 0.01290960634638995 -0.0037375419248406316 0.9999096823435304 240.69088471276908
0.9999109182256952 0.003087190569194406 -0.012985563808338754 -0.7848487712888148 -0.0030372016211312573 0.999987908699678 0.003867539366170358 -4.393561591962604 0.012997346627042078 -0.003827755063451371 0.9999082044227007 241.78990489987402
0.9999094839090912 0.001587469634982337 -0.013360536246597306 -0.8086726944242625 -0.0015482198893571532 0.9999944574144061 0.0029475677488305404 -4.399575331478996 0.013365141368977842 -0.002926615898570696 0.9999063995772646 242.9390182695738
0.999910112949682 0.001209578971599225 -0.013353012381096714 -0.8301726750479925 -0.0011728047197032158 0.9999954993372253 0.002761491331678297 -4.4231776618699 0.013356292525533955 -0.0027455826334251486 0.9999070312913967 244.02174618618218
0.9999077153868053 4.565783869733215e-05 -0.013585235562369641 -0.8474818200962178 -1.2318489839078587e-06 0.9999946530200745 0.00327015744811865 -4.442531751224965 0.013585312230707032 -0.0032698389279447815 0.9999023689565788 245.12217286333765
0.9999069549209204 0.0008832771082787004 -0.013612542830285016 -0.862727240772925 -0.0008528388297076647 0.99999712374355 0.002241689217945599 -4.4578777674076235 0.013614483709888943 -0.0022298713346982223 0.9999048322251185 246.2048485695444
0.999908278179039 -0.000614115337124158 -0.01352989620679368 -0.8858603626220177 0.0006278118607289651 0.9999992948016995 0.001008091445567157 -4.477206164239342 0.013529267581113908 -0.0010164932108970134 0.9999079585943246 247.31697135875012
0.9999105685109615 -0.0015480390123271688 -0.013283770371647576 -0.9072256090937298 0.0015847816173734104 0.999994946737659 0.00275589665313277 -4.499483883169679 0.01327943700973601 -0.0027767020642857384 0.9999079690043224 248.51363040364666
0.9999089760416876 -0.003202336234843478 -0.013106665246633968 -0.9210644970548807 0.003249620566145473 0.9999882832219884 0.00358794995885195 -4.519220668368778 0.013095021856582754 -0.0036302150583834244 0.9999076667078837 249.62345995312273
0.9999096839902822 -0.003430524486214952 -0.012994435893409416 -0.9345708060842222 0.003462809810552067 0.9999909715798212 0.0024628656178527827 -4.537280556765033 0.012985869653371845 -0.002507640441751836 0.9999125356393724 250.71643174198982
0.999915297509476 -0.0018939854323349811 -0.01287674748151115 -0.9499379256200127 0.0019185283732196536 0.9999963661823021 0.0018939036571507496 -4.558383661811717 0.01287311366381933 -0.0019184476441920736 0.9999152976643739 251.9033213603449
0.9999273429088457 7.470986101268085e-05 -0.012054182746116878 -0.9747683173220663 -4.8641045966731836e-05 0.9999976597133378 0.002162915136260201 -4.567591049538708 0.012054316126960939 -0.0021621716570807883 0.9999250064261995 253.10549227624776
0.9999231135119838 0.0017513451774092456 -0.01227598690753914 -0.9875492101183203 -0.0017159285159529733 0.999994337338337 0.0028949750567513624 -4.586883157602472 0.012280987493381025 -0.002873687756290091 0.9999204564688459 254.49158915814965
0.9999321350338307 0.001934942435142602 -0.01148831251500178 -1.0110973506708816 -0.0019012525346029823 0.9999938627573477 0.002942734515477577 -4.607150714381404 0.011493936030327542 -0.00292069262361163 0.999929677021903 255.69397407339136
0.99993276109295 0.0014400691012316686 -0.011506497903255208 -1.0310936151484604 -0.0014135219927922677 0.9999963214969018 0.002314940221944678 -4.630280393743086 0.011509789250449808 -0.002298519880047855 0.9999311184065479 256.7697056505772
0.9999280546923835 0.0013561291126031605 -0.011918320054459145 -1.0451080963073027 -0.0013245015304967432 0.9999955818791015 0.0026611873220771486 -4.6538675512295935 0.011921876311479765 -0.0026452100289834093 0.999925433084445 257.8158099344183
0.9999328958965007 0.002113064737518851 -0.011390288031379722 -1.0714344096592663 -0.002085695923174167 0.9999949108302343 0.0024141636519023836 -4.669831389224861 0.011395331348351643 -0.002390244974303845 0.9999322142787593 258.91899340284493
0.9999334712719142 0.003580179094358138 -0.010965187993750765 -1.0890939216301587 -0.003557833616003216 0.999991555896337 0.0020566856768169336 -4.685013974502876 0.01097245870562846 -0.0020175365336846636 0.9999377654115718 260.0514815084583
0.9999306588798903 0.0052722844679901106 -0.010529978561391937 -1.1141070775417112 -0.005241047016920233 0.9999817897523349 0.002991920766442516 -4.705839011286779 0.010545561065258793 -0.0029365251905777404 0.9999400821857394 261.2022715303207
0.9999231465764078 0.007355602672852912 -0.00997978206380166 -1.1362015861868697 -0.007331829588502138 0.9999702016589126 0.0024166234931598048 -4.730330745487263 0.00999726040507516 -0.0023432677059476523 0.999947280550755 262.2990663509795
0.9999176895332273 0.008118075096567954 -0.009935341727632904 -1.1508754053249048 -0.00810292313996897 0.9999659471247087 0.0015643617104780046 -4.748235537754864 0.009947703006521785 -0.0014837276367460816 0.9999494195994079 263.77155800507126
0.9999153240594053 0.00916849488696378 -0.009234901876541154 -1.172315987258194 -0.009153172429136637 0.9999566636219681 0.0017000919071981076 -4.767055615650896 0.009250088953298735 -0.0016154193010736225 0.9999559121655497 264.8801057165346
0.9999057432809353 0.009700765690042247 -0.009715950741703321 -1.187021462727743 -0.00967466282135972 0.9999494727030025 0.0027300073751032232 -4.78548914898863 0.00974194298285044 -0.0026357515061491065 0.9999490723836466 266.007195497759
0.9998990660620467 0.010735420979940605 -0.009306364736989377 -1.2079554244432744 -0.010706175900480449 0.9999376096579873 0.003186626593531881 -4.805601984337354 0.00933999388769586 -0.003086669376891787 0.9999516173227253 267.144141020565
0.9998867750437896 0.011730486601270634 -0.009425114143327189 -1.2175645503743722 -0.011706291016154615 0.9999280512453699 0.00261822139439613 -4.822773831477543 0.009455149029086323 -0.0025075918173701373 0.9999521549254813 268.28166917230635
0.9998856882117949 0.012324788387166424 -0.008758430248872809 -1.2441152358916612 -0.012299779718085433 0.9999201392616881 0.002903535389964743 -4.841587902781884 0.008793516253420513 -0.0027954767189038512 0.9999574287847525 269.3992727266259
